32
81
23
48
29
1
47
38
70
14
29
36
94
89
33
22
56
77
49
48
45
82
91
90
41
11
36
16
25
83
98
7
17
73
7
40
44
64
55
64
23
21
66
87
77
30
61
50
56
48
2
55
89
15
41
35
86
96
60
9
91
48
81
34
26
88
3
28
69
54
59
57
54
37
48
90
24
53
40
13
29
4
35
54
31
20
12
17
52
36
9
4
26
64
89
70
67
51
92
12
58
63
96
17
43
92
16
84
7
29
8
54
90
37
79
101
90
58
53
98
93
66
72
57
0
60
59
0
57
69
57
80
36
72
0
67
7
42
49
39
40
24
7
55
83
67
4
34
48
80
11
7
86
47
65
80
53
33
83
92
96
100
6
48
75
27
61
100
96
80
87
40
54
41
53
27
60
65
100
57
35
29
12
54
72
94
52
50
61
22
0
73
38
58
6
76
9
21
65
34
59
96
85
30
55
78
8
81
82
9
86
28
0
69
8
15
21
76
57
77
25
58
54
77
48
9
87
52
1
60
51
8
38
9
8
9
13
46
44
15
65
85
100
71
37
21
51
68
63
15
64
5
17
60
88
82
45
52
66
29
78
38
60
37
49
24
16
95
99
27
1
13
7
23
18